11  19  25  41  65  10
11  13  26  49  63  10
13  19  26  46  68  10
14  19  22  49  69  10
11  14  26  41  63  10
4  11  14  16  35  26
8  17  27  66  68  9
14  22  27  38  40  22
25  46  54  62  67  2
8  22  24  32  41  20
22  36  42  61  69  25
10  11  24  45  50  4
1  3  17  59  64  18
36  44  61  66  68  9
8  40  62  64  69  11
1  8  30  40  59  13
8  9  37  41  55  7
3  8  30  40  51  25
1  9  37  41  59  13
1  3  30  47  55  7
11  16  28  40  62  2
12  38  43  48  69  23
22  29  43  61  68  19
3  49  60  64  66  4
6  13  24  52  62  1
20  34  42  45  53  22
1  27  54  58  60  9
26  33  36  56  57  8
33  35  36  51  65  2
12  20  40  46  69  26
4  35  44  49  57  2
6  31  48  49  59  2
4  35  45  48  57  2
6  34  44  49  59  2
6  35  45  48  57  2
14  32  35  49  54  14
23  35  37  58  60  14
26  32  35  51  60  14
21  35  39  57  65  14
22  31  35  58  63  14
11  26  40  61  67  13
4  21  34  53  59  11
11  33  41  47  59  19
15  33  43  48  57  11